7

1
38.54 32
1 径河站 0 0 0 0
2 三店站 0 0 0 0
3 码头潭公园站 6 2 0 0
4 东吴大道站 0 0 0 0
5 五环大道站 0 0 0 0
6 额头湾站 0 0 0 0
7 竹叶海站 0 0 0 0
8 舵落口站 0 0 0 0
9 古田一路站 0 0 0 0
10 古田二路站 0 0 0 0
11 古田三路站 0 0 0 0
12 古田四路站 0 0 0 0
13 汉西一路站 0 0 0 0
14 宗关站 3 15 0 0
15 太平洋站 0 0 0 0
16 ~口路站 0 0 0 0
17 崇仁路站 0 0 0 0
18 利济北路站 0 0 0 0
19 友谊路站 0 0 0 0
20 循礼门站 2 16 0 0
21 大智路站 6 17 0 0
22 三阳路站 7 19 0 0
23 黄浦路站 8 7 0 0
24 头道街站 0 0 0 0
25 二七路站 0 0 0 0
26 徐州新村站 0 0 0 0
27 丹水池站 0 0 0 0
28 新荣站 0 0 0 0
29 堤角站 0 0 0 0
30 滕子岗站 0 0 0 0
31 滠口新城站 0 0 0 0
32 汉口北站 0 0 0 0

2
60.8 38
1 天河机场站 0 0 0 0
2 航空总部站 0 0 0 0
3 宋家岗站 0 0 0 0
4 巨龙大道站 7 9 0 0
5 盘龙城站 0 0 0 0
6 宏图大道站 3 1 8 2
7 常青城站 0 0 0 0
8 金银潭站 0 0 0 0
9 常青花园站 6 10 0 0
10 长港路站 0 0 0 0
11 汉口火车站 0 0 0 0
12 范湖站 3 11 0 0
13 王家墩东站 7 16 0 0
14 青年路站 0 0 0 0
15 中山公园站 0 0 0 0
16 循礼门站 1 20 0 0
17 江汉路站 6 18 0 0
18 积玉桥站 0 0 0 0
19 螃蟹岬站 7 23 0 0
20 小龟山站 0 0 0 0
21 洪山广场站 4 12 0 0
22 中南路站 4 13 0 0
23 宝通寺站 0 0 0 0
24 街道口站 8 18 0 0
25 广埠屯站 0 0 0 0
26 虎泉站 0 0 0 0
27 杨家湾站 0 0 0 0
28 光谷广场站 0 0 0 0
29 珞雄路站 0 0 0 0
30 华中科技大学站 0 0 0 0
31 光谷大道站 0 0 0 0
32 佳园路站 0 0 0 0
33 光谷火车站 0 0 0 0
34 黄龙山路站 0 0 0 0
35 金融港北站 0 0 0 0
36 秀湖站 0 0 0 0
37 藏龙东街站 0 0 0 0
38 佛祖岭站 0 0 0 0

3
30 24
1 宏图大道站 2 6 8 2
2 市民之家站 0 0 0 0
3 后湖大道站 0 0 0 0
4 兴业路站 0 0 0 0
5 二七小路站 0 0 0 0
6 罗家庄站 0 0 0 0
7 赵家条站 8 6 0 0
8 惠济二路站 0 0 0 0
9 香港路站 6 15 7 18
10 菱角湖站 0 0 0 0
11 范湖站 2 12 0 0
12 云飞路站 0 0 0 0
13 武汉商务区站 7 15 0 0
14 双墩站 0 0 0 0
15 宗关站 1 14 0 0
16 王家湾站 4 24 0 0
17 龙阳村站 0 0 0 0
18 陶家岭站 0 0 0 0
19 四新大道站 0 0 0 0
20 汉阳客运站 0 0 0 0
21 三角湖站 0 0 0 0
22 体育中心站 0 0 0 0
23 东风公司站 6 32 0 0
24 沌阳大道站 0 0 0 0

4
50 37
1 武汉火车站站 0 0 0 0
2 杨春湖站 0 0 0 0
3 工业四路站 0 0 0 0
4 仁和路站 0 0 0 0
5 园林路站 0 0 0 0
6 罗家港站 0 0 0 0
7 铁机路站 0 0 0 0
8 岳家嘴站 8 11 0 0
9 东亭站 0 0 0 0
10 青鱼嘴站 0 0 0 0
11 楚河汉街站 0 0 0 0
12 洪山广场站 2 21 0 0
13 中南路站 2 22 0 0
14 梅苑小区站 0 0 0 0
15 武昌火车站站 7 25 0 0
16 首义路站 0 0 0 0
17 复兴路站 0 0 0 0
18 拦江路站 0 0 0 0
19 钟家村站 6 23 0 0
20 汉阳火车站站 0 0 0 0
21 五里墩站 0 0 0 0
22 七里庙站 0 0 0 0
23 十里铺站 0 0 0 0
24 王家湾站 3 16 0 0
25 玉龙路站 0 0 0 0
26 永安堂站 0 0 0 0
27 孟家铺站 0 0 0 0
28 黄金口站 0 0 0 0
29 新天站 0 0 0 0
30 集贤站 0 0 0 0
31 知音站 0 0 0 0
32 新农站 0 0 0 0
33 凤凰路站 0 0 0 0
34 蔡甸广场站 0 0 0 0
35 临嶂大道站 0 0 0 0
36 新庙村站 0 0 0 0
37 柏林站 0 0 0 0

6
43 32
1 富民南路站 0 0 0 0
2 码头潭公园站 1 3 0 0
3 临空港大道站 0 0 0 0
4 二雅路站 0 0 0 0
5 金银湖停车场站 0 0 0 0
6 金银湖公园站 0 0 0 0
7 金银湖站 0 0 0 0
8 园博园北站 7 12 0 0
9 轻工大学站 0 0 0 0
10 常青花园站 2 9 0 0
11 杨汊湖站 0 0 0 0
12 石桥站 0 0 0 0
13 唐家墩站 0 0 0 0
14 三眼桥站 0 0 0 0
15 香港路站 3 9 7 18
16 苗栗路站 0 0 0 0
17 大智路站 1 21 0 0
18 江汉路站 2 17 0 0
19 六渡桥站 0 0 0 0
20 汉正街站 0 0 0 0
21 武胜路站 0 0 0 0
22 琴台站 0 0 0 0
23 钟家村站 4 19 0 0
24 马鹦路站 0 0 0 0
25 建港站 0 0 0 0
26 前进村站 0 0 0 0
27 国博中心北站 0 0 0 0
28 国博中心南站 0 0 0 0
29 老关村站 0 0 0 0
30 江城大道站 0 0 0 0
31 车城东路站 0 0 0 0
32 东风公司站 3 23 0 0

7
84 37
1 黄陂广场站 0 0 0 0
2 百泰路站 0 0 0 0
3 北车基地站 0 0 0 0
4 余彭G站 0 0 0 0
5 横店站 0 0 0 0
6 临空北路站 0 0 0 0
7 天阳路站 0 0 0 0
8 腾龙大道站 0 0 0 0
9 巨龙大道站 2 4 0 0
10 汤云海站 0 0 0 0
11 马池站 0 0 0 0
12 园博园北站 6 8 0 0
13 园博园站 0 0 0 0
14 常码头站 0 0 0 0
15 武汉商务区站 3 13 0 0
16 王家墩东站 2 12 0 0
17 取水楼站 0 0 0 0
18 香港路站 3 9 6 15
19 三阳路站 1 22 0 0
20 徐家棚站 8 8 0 0
21 湖北大学站 0 0 0 0
22 新河街站 0 0 0 0
23 螃蟹岬站 2 19 0 0
24 小东门站 0 0 0 0
25 武昌火车站站 4 15 0 0
26 瑞安街站 0 0 0 0
27 建安街站 0 0 0 0
28 湖工大站 0 0 0 0
29 板桥站 0 0 0 0
30 野芷湖站 8 24 0 0
31 新路村站 0 0 0 0
32 大花岭站 0 0 0 0
33 江夏客厅站 0 0 0 0
34 谭鑫培公园站 0 0 0 0
35 北华街站 0 0 0 0
36 纸坊大街站 0 0 0 0
37 青龙山地铁小镇站 0 0 0 0

8
34 26
1 金潭路站 0 0 0 0
2 宏图大道站 2 6 3 1
3 塔子湖站 0 0 0 0
4 中一路站 0 0 0 0
5 竹叶山站 0 0 0 0
6 赵家条站 3 7 0 0
7 黄浦路站 1 23 0 0
8 徐家棚站 7 20 0 0
9 徐东站 0 0 0 0
10 汪家墩站 0 0 0 0
11 岳家嘴站 4 8 0 0
12 梨园站 0 0 0 0
13 省博湖北日报站 0 0 0 0
14 中南医院站 0 0 0 0
15 水果湖站 0 0 0 0
16 洪山路站 0 0 0 0
17 小洪山站 0 0 0 0
18 街道口站 2 24 0 0
19 马房山站 0 0 0 0
20 文治街站 0 0 0 0
21 文昌路站 0 0 0 0
22 省农科院站 0 0 0 0
23 马湖站 0 0 0 0
24 野芷湖站 7 30 0 0
25 黄家湖地铁小镇站 0 0 0 0
26 军运村 0 0 0 0
