1 2
2 1
2 3 
3 2
3 4
3 125
3 126
4 3
4 5
5 6 
6 5
6 7
7 6
7 8
8 7
8 9
9 8
9 10
10 9
10 11
11 10
11 12
12 11
12 13
13 12
13 14 
14 13  
14 15
14 81 
14 82
15 14
15 16 
16 15
16 17
17 16
17 18
18 17
18 19
19 18
19 20
20 19
20 21
20 47
20 48
21 20
21 22
21 137
21 48
22 21
22 23
22 77
22 163
23 22
23 24
23 75
23 163
24 23
24 25
25 24
25 26
26 25
26 27
27 26
27 28
28 27
28 29
29 28
29 30
30 29
30 31
31 30
31 32
32 31
33 34
34 33
34 35
35 34
35 36
36 37
36 57
36 158
37 38
38 39
38 70
38 179
38 180
39 40
40 41
41 42
41 132
41 133
42 43
43 44
44 45
44 78
44 79
45 46
45 80
45 162
46 47
47 20
48 49
48 21
48 138
49 50
50 51
50 165
50 166
51 52
52 53
52 101 
53 54
53 102
54 55
55 56
55 190
55 191
56 57
57 58
58 59
59 60
60 61
61 62
62 63
63 64
64 65
65 66
66 67	
67 68
68 69
70 71
71 72
72 73
73 74
74 75
75 76
75 182
75 23
76 77
77 78
77 136
77 137
77 162
77 22
78 44
79 80
80 81
80 161
80 45
82 14
82 83
82 111
82 112 
83 84 
84 85
85 86
86 87
87 88
88 89
89 90
89 149
91 92
92 93
93 94
94 95
95 96
96 97
97 98
98 99
98 184
98 185
99 100
100 101
101 52
102 103
103 104
103 166
103 167
104 105
105 106
106 107
107 108
107 141
107 142
108 109
109 110
110 111
111 82
112 113
113 114
114 115
115 116
116 117
117 118
118 119
119 120
120 121
121 122
122 123
123 124
125 3
126 127
127 128
128 129
129 130
130 131
131 132
131 159
131 160
132 41
133 134
134 135
135 136
136 77
137 21
138 139
139 140
140 141
141 107
142 143
143 144
144 145
145 146
146 147
147 148
148 149
149 89
150 151
151 152
152 153
153 154
154 155
155 156
156 157
157 36
158 159
159 131
160 161
161 80
162 77
163 164
163 23
163 183
164 165
165 50
166 103
167 168
168 169
169 170
170 171
171 172
171 195 
171 196
172 173
173 174
174 175
175 176
176 177
177 178
179 38
180 181
181 182
182 75
183 184
184 98
185 186
186 187
187 188
188 189
189 190
190 55
191 192
192 193
193 194
194 195
195 171
196 197