1 2 1
2 1 1
2 3 1
3 2 1
3 4 1
3 125 6
3 126 6
4 3 1
4 5 1
5 6 1
6 5 1
6 7 1
7 6 1
7 8 1
8 7 1
8 9 1
9 8 1
9 10 1
10 9 1
10 11 1
11 10 1
11 12 1
12 11 1
12 13 1
13 12 1
13 14 1
14 13 1
14 15 1
14 81 3
14 82 3
15 14 1
15 16 1
16 15 1
16 17 1
17 16 1
17 18 1
18 17 1
18 19 1
19 18 1
19 20 1
20 19 1
20 21 1
20 47 2
20 48 2
21 20 1
21 22 1
21 137 6
21 48 6
22 21 1
22 23 1
22 77 7
22 163 7
23 22 1
23 24 1
23 75 8
23 163 8
24 23 1
24 25 1
25 24 1
25 26 1
26 25 1
26 27 1
27 26 1
27 28 1
28 27 1
28 29 1
29 28 1
29 30 1
30 29 1
30 31 1
31 30 1
31 32 1
32 31 1
33 34 2
34 33 2
34 35 2
35 34 2
35 36 2
36 37 2
36 57 7
36 158 7
37 38 2
38 39 2
38 70 3
38 179 8
38 180 8
39 40 2
40 41 2
41 42 2
41 132 6
41 133 6
42 43 2
43 44 2
44 45 2
44 78 3
44 79 3
45 46 2
45 80 7
45 162 7
46 47 2
47 20 2
48 49 2
48 21 6
48 138 6
49 50 2
50 51 2
50 165 7
50 166 7
51 52 2
52 53 2
52 101 4
53 54 2
53 102 4
54 55 2
55 56 2
55 190 8
55 191 8
56 57 2
57 58 2
58 59 2
59 60 2
60 61 2
61 62 2
62 63 2
63 64 2
64 65 2
65 66 2
66 67 2
67 68 2
68 69 2
70 71 3
71 72 3
72 73 3
73 74 3
74 75 3
75 76 3
75 182 8
75 23 8
76 77 3
77 78 3
77 136 6
77 137 6
77 162 7
77 22 7
78 44 3
79 80 3
80 81 3
80 161 7
80 45 7
82 14 3
82 83 3
82 111 4
82 112 4
83 84 3
84 85 3
85 86 3
86 87 3
87 88 3
88 89 3
89 90 3
89 149 6
91 92 4
92 93 4
93 94 4
94 95 4
95 96 4
96 97 4
97 98 4
98 99 4
98 184 8
98 185 8
99 100 4
100 101 4
101 52 4
102 103 4
103 104 4
103 166 7
103 167 7
104 105 4
105 106 4
106 107 4
107 108 4
107 141 6
107 142 6
108 109 4
109 110 4
110 111 4
111 82 4
112 113 4
113 114 4
114 115 4
115 116 4
116 117 4
117 118 4
118 119 4
119 120 4
120 121 4
121 122 4
122 123 4
123 124 4
125 3 6
126 127 6
127 128 6
128 129 6
129 130 6
130 131 6
131 132 6
131 159 7
131 160 7
132 41 6
133 134 6
134 135 6
135 136 6
136 77 6
137 21 6
138 139 6
139 140 6
140 141 6
141 107 6
142 143 6
143 144 6
144 145 6
145 146 6
146 147 6
147 148 6
148 149 6
149 89 6
150 151 7
151 152 7
152 153 7
153 154 7
154 155 7
155 156 7
156 157 7
157 36 7
158 159 7
159 131 7
160 161 7
161 80 7
162 77 7
163 164 7
163 23 8
163 183 8
164 165 7
165 50 7
166 103 7
167 168 7
168 169 7
169 170 7
170 171 7
171 172 7
171 195 8
171 196 8
172 173 7
173 174 7
174 175 7
175 176 7
176 177 7
177 178 7
179 38 8
180 181 8
181 182 8
182 75 8
183 184 8
184 98 8
185 186 8
186 187 8
187 188 8
188 189 8
189 190 8
190 55 8
191 192 8
192 193 8
193 194 8
194 195 8
195 171 8
196 197 8